0
   0.0000  -9.0000  0.0000  -7.5000  1.5000
  23.0000  -7.5000  0.0000  -6.0000  1.5000
 135.0000  -6.0000  0.0000  -4.5000  1.5000
 178.0000  -4.5000  0.0000  -3.0000  1.5000
 116.0000  -3.0000  0.0000  -1.5000  1.5000
 164.0000  -1.5000  0.0000   0.0000  1.5000
 183.0000   0.0000  0.0000   1.5000  1.5000
 126.0000   1.5000  0.0000   3.0000  1.5000
  64.0000   3.0000  0.0000   4.5000  1.5000
  41.0000   4.5000  0.0000   6.0000  1.5000
  69.0000   6.0000  0.0000   7.5000  1.5000
  34.0000   7.5000  0.0000   9.0000  1.5000
   0.0000  -9.0000  1.5000  -7.5000  3.0000
  64.0000  -7.5000  1.5000  -6.0000  3.0000
 151.0000  -6.0000  1.5000  -4.5000  3.0000
 206.0000  -4.5000  1.5000  -3.0000  3.0000
 187.0000  -3.0000  1.5000  -1.5000  3.0000
 194.0000  -1.5000  1.5000   0.0000  3.0000
 235.0000   0.0000  1.5000   1.5000  3.0000
 263.0000   1.5000  1.5000   3.0000  3.0000
 228.0000   3.0000  1.5000   4.5000  3.0000
 142.0000   4.5000  1.5000   6.0000  3.0000
  59.0000   6.0000  1.5000   7.5000  3.0000
   5.0000   7.5000  1.5000   9.0000  3.0000
   0.0000  -9.0000  3.0000  -7.5000  4.5000
  62.0000  -7.5000  3.0000  -6.0000  4.5000
 158.0000  -6.0000  3.0000  -4.5000  4.5000
 228.0000  -4.5000  3.0000  -3.0000  4.5000
 226.0000  -3.0000  3.0000  -1.5000  4.5000
 217.0000  -1.5000  3.0000   0.0000  4.5000
 244.0000   0.0000  3.0000   1.5000  4.5000
 290.0000   1.5000  3.0000   3.0000  4.5000
 274.0000   3.0000  3.0000   4.5000  4.5000
 174.0000   4.5000  3.0000   6.0000  4.5000
  59.0000   6.0000  3.0000   7.5000  4.5000
   0.0000   7.5000  3.0000   9.0000  4.5000
   0.0000  -9.0000  4.5000  -7.5000  6.0000
  32.0000  -7.5000  4.5000  -6.0000  6.0000
 116.0000  -6.0000  4.5000  -4.5000  6.0000
 203.0000  -4.5000  4.5000  -3.0000  6.0000
 215.0000  -3.0000  4.5000  -1.5000  6.0000
 192.0000  -1.5000  4.5000   0.0000  6.0000
 190.0000   0.0000  4.5000   1.5000  6.0000
 201.0000   1.5000  4.5000   3.0000  6.0000
 183.0000   3.0000  4.5000   4.5000  6.0000
 100.0000   4.5000  4.5000   6.0000  6.0000
  34.0000   6.0000  4.5000   7.5000  6.0000
   0.0000   7.5000  4.5000   9.0000  6.0000
   0.0000  -9.0000  6.0000  -7.5000  7.5000
   0.0000  -7.5000  6.0000  -6.0000  7.5000
  55.0000  -6.0000  6.0000  -4.5000  7.5000
 128.0000  -4.5000  6.0000  -3.0000  7.5000
 153.0000  -3.0000  6.0000  -1.5000  7.5000
 130.0000  -1.5000  6.0000   0.0000  7.5000
 103.0000   0.0000  6.0000   1.5000  7.5000
  84.0000   1.5000  6.0000   3.0000  7.5000
  64.0000   3.0000  6.0000   4.5000  7.5000
  34.0000   4.5000  6.0000   6.0000  7.5000
   0.0000   6.0000  6.0000   7.5000  7.5000
   0.0000   7.5000  6.0000   9.0000  7.5000
   0.0000  -9.0000  7.5000  -7.5000  9.0000
   0.0000  -7.5000  7.5000  -6.0000  9.0000
  23.0000  -6.0000  7.5000  -4.5000  9.0000
  53.0000  -4.5000  7.5000  -3.0000  9.0000
  66.0000  -3.0000  7.5000  -1.5000  9.0000
  55.0000  -1.5000  7.5000   0.0000  9.0000
  41.0000   0.0000  7.5000   1.5000  9.0000
  16.0000   1.5000  7.5000   3.0000  9.0000
   5.0000   3.0000  7.5000   4.5000  9.0000
   0.0000   4.5000  7.5000   6.0000  9.0000
   0.0000   6.0000  7.5000   7.5000  9.0000
   0.0000   7.5000  7.5000   9.0000  9.0000
   0.0000  -9.0000  9.0000  -7.5000  10.5000
   0.0000  -7.5000  9.0000  -6.0000  10.5000
   0.0000  -6.0000  9.0000  -4.5000  10.5000
  11.0000  -4.5000  9.0000  -3.0000  10.5000
  16.0000  -3.0000  9.0000  -1.5000  10.5000
  11.0000  -1.5000  9.0000   0.0000  10.5000
   0.0000   0.0000  9.0000   1.5000  10.5000
   0.0000   1.5000  9.0000   3.0000  10.5000
   0.0000   3.0000  9.0000   4.5000  10.5000
   0.0000   4.5000  9.0000   6.0000  10.5000
   0.0000   6.0000  9.0000   7.5000  10.5000
   0.0000   7.5000  9.0000   9.0000  10.5000
