0
         0   -9.0000         0   -7.5000    1.5000
    0.0793   -7.5000         0   -6.0000    1.5000
    0.4655   -6.0000         0   -4.5000    1.5000
    0.6138   -4.5000         0   -3.0000    1.5000
    0.4000   -3.0000         0   -1.5000    1.5000
    0.5655   -1.5000         0         0    1.5000
    0.6310         0         0    1.5000    1.5000
    0.4345    1.5000         0    3.0000    1.5000
    0.2207    3.0000         0    4.5000    1.5000
    0.1414    4.5000         0    6.0000    1.5000
    0.2379    6.0000         0    7.5000    1.5000
    0.1172    7.5000         0    9.0000    1.5000
         0   -9.0000    1.5000   -7.5000    3.0000
    0.2207   -7.5000    1.5000   -6.0000    3.0000
    0.5207   -6.0000    1.5000   -4.5000    3.0000
    0.7103   -4.5000    1.5000   -3.0000    3.0000
    0.6448   -3.0000    1.5000   -1.5000    3.0000
    0.6690   -1.5000    1.5000         0    3.0000
    0.8103         0    1.5000    1.5000    3.0000
    0.9069    1.5000    1.5000    3.0000    3.0000
    0.7862    3.0000    1.5000    4.5000    3.0000
    0.4897    4.5000    1.5000    6.0000    3.0000
    0.2034    6.0000    1.5000    7.5000    3.0000
    0.0172    7.5000    1.5000    9.0000    3.0000
         0   -9.0000    3.0000   -7.5000    4.5000
    0.2138   -7.5000    3.0000   -6.0000    4.5000
    0.5448   -6.0000    3.0000   -4.5000    4.5000
    0.7862   -4.5000    3.0000   -3.0000    4.5000
    0.7793   -3.0000    3.0000   -1.5000    4.5000
    0.7483   -1.5000    3.0000         0    4.5000
    0.8414         0    3.0000    1.5000    4.5000
    1.0000    1.5000    3.0000    3.0000    4.5000
    0.9448    3.0000    3.0000    4.5000    4.5000
    0.6000    4.5000    3.0000    6.0000    4.5000
    0.2034    6.0000    3.0000    7.5000    4.5000
         0    7.5000    3.0000    9.0000    4.5000
         0   -9.0000    4.5000   -7.5000    6.0000
    0.1103   -7.5000    4.5000   -6.0000    6.0000
    0.4000   -6.0000    4.5000   -4.5000    6.0000
    0.7000   -4.5000    4.5000   -3.0000    6.0000
    0.7414   -3.0000    4.5000   -1.5000    6.0000
    0.6621   -1.5000    4.5000         0    6.0000
    0.6552         0    4.5000    1.5000    6.0000
    0.6931    1.5000    4.5000    3.0000    6.0000
    0.6310    3.0000    4.5000    4.5000    6.0000
    0.3448    4.5000    4.5000    6.0000    6.0000
    0.1172    6.0000    4.5000    7.5000    6.0000
         0    7.5000    4.5000    9.0000    6.0000
         0   -9.0000    6.0000   -7.5000    7.5000
         0   -7.5000    6.0000   -6.0000    7.5000
    0.1897   -6.0000    6.0000   -4.5000    7.5000
    0.4414   -4.5000    6.0000   -3.0000    7.5000
    0.5276   -3.0000    6.0000   -1.5000    7.5000
    0.4483   -1.5000    6.0000         0    7.5000
    0.3552         0    6.0000    1.5000    7.5000
    0.2897    1.5000    6.0000    3.0000    7.5000
    0.2207    3.0000    6.0000    4.5000    7.5000
    0.1172    4.5000    6.0000    6.0000    7.5000
         0    6.0000    6.0000    7.5000    7.5000
         0    7.5000    6.0000    9.0000    7.5000
         0   -9.0000    7.5000   -7.5000    9.0000
         0   -7.5000    7.5000   -6.0000    9.0000
    0.0793   -6.0000    7.5000   -4.5000    9.0000
    0.1828   -4.5000    7.5000   -3.0000    9.0000
    0.2276   -3.0000    7.5000   -1.5000    9.0000
    0.1897   -1.5000    7.5000         0    9.0000
    0.1414         0    7.5000    1.5000    9.0000
    0.0552    1.5000    7.5000    3.0000    9.0000
    0.0172    3.0000    7.5000    4.5000    9.0000
         0    4.5000    7.5000    6.0000    9.0000
         0    6.0000    7.5000    7.5000    9.0000
         0    7.5000    7.5000    9.0000    9.0000
         0   -9.0000    9.0000   -7.5000   10.5000
         0   -7.5000    9.0000   -6.0000   10.5000
         0   -6.0000    9.0000   -4.5000   10.5000
    0.0379   -4.5000    9.0000   -3.0000   10.5000
    0.0552   -3.0000    9.0000   -1.5000   10.5000
    0.0379   -1.5000    9.0000         0   10.5000
         0         0    9.0000    1.5000   10.5000
         0    1.5000    9.0000    3.0000   10.5000
         0    3.0000    9.0000    4.5000   10.5000
         0    4.5000    9.0000    6.0000   10.5000
         0    6.0000    9.0000    7.5000   10.5000
         0    7.5000    9.0000    9.0000   10.5000
